Engine              ELO   W    L    D    Score     
-----------------------------------------------
Cuckoo 100%         2720  13   0    0    13        
Cuckoo 25%          2598  13   0    0    13        
Cuckoo 50%          2570  12   1    0    12        
Flux 100%           2410  12   1    1    12.5      
Flux 50%            2337  12   1    0    12        
Cuckoo 12%          2336  10   3    1    10.5      
Rival 1000000       2267  10   1    2    11        
Rival 600000        2257  9    2    2    10        
Rival 900000        2228  11   1    1    11.5      
Rival 750000        2184  9    3    1    9.5       
Flux 25%            2159  11   1    1    11.5      
Cuckoo 6%           2120  6    5    3    7.5       
Cuckoo 3%           2113  9    5    0    9         
Rival 500000        2109  9    4    0    9         
Flux 12%            2099  9    2    2    10        
Flux 6%             2058  8    4    1    8.5       
Rival 250000        2011  7    5    1    7.5       
Rival 75000         1942  7    6    1    7.5       
Rival 100000        1897  8    4    1    8.5       
Flux 3%             1854  3    8    3    4.5       
Rival 50000         1780  2    10   1    2.5       
Rival 25000         1717  3    8    2    4         
Rival 15000         1653  5    8    0    5         
Rival 10000         1620  1    10   2    2         
Rival 7500          1619  5    8    0    5         
Rival 20000         1614  5    8    1    5.5       
Rival 12500         1595  5    8    0    5         
Rival 5000          1570  5    8    0    5         
Rival 3500          1445  4    9    0    4         
Rival 2000          1434  1    13   0    1         
Rival 1000          1363  4    9    0    4         
Rival 1500          1303  3    10   0    3         
Rival 500           1280  1    10   2    2         
Rival 750           1276  2    11   0    2         
Rival 250           1210  1    11   1    1.5       
Rival 150           1096  0    13   0    0         
Rival 100           1074  1    12   0    1         
Rival 50            1004  0    13   0    0         
----------------------------------------

