Cuckoo in milliseconds, Rival in nodes

Engine              ELO   W    L    D    Score
-----------------------------------------------
Cuckoo 1500         2607  59   2    1    59.5
Cuckoo 375          2528  57   2    3    58.5
Cuckoo 750          2550  57   3    2    58
Cuckoo 180          2392  51   5    6    54
Rival 1000000       2010  49   9    4    51
Rival 750000        2012  47   7    8    51
Rival 900000        1985  47   11   4    49
Rival 600000        1976  45   10   7    48.5
Cuckoo 90           2208  45   12   5    47.5
Cuckoo 45           2114  42   16   4    44
Rival 500000        1898  42   16   4    44
Rival 250000        1849  39   19   4    41
Rival 100000        1784  36   23   3    37.5
Rival 75000         1761  34   24   4    36
Rival 50000         1730  33   27   2    34
Rival 25000         1638  28   32   2    29
Rival 10000         1641  24   32   6    27
Rival 15000         1617  25   34   3    26.5
Rival 7500          1621  25   35   2    26
Rival 20000         1586  23   35   4    25
Rival 12500         1608  24   37   1    24.5
Rival 5000          1592  21   37   4    23
Rival 3500          1537  19   43   0    19
Rival 2000          1506  15   41   6    18
Rival 1000          1432  12   48   2    13
Rival 1500          1402  11   49   2    12
Rival 750           1401  10   50   2    11
Rival 500           1401  7    49   6    10
Rival 250           1336  6    53   3    7.5
Rival 150           1292  4    57   1    4.5
Rival 100           1234  1    59   2    2
Rival 50            1187  0    61   1    0.5
----------------------------------------

