Cuckoo 1500         2643  27   0    0    27
Cuckoo 750          2576  26   0    1    26.5
Cuckoo 375          2509  24   2    1    24.5
Cuckoo 180          2401  23   2    2    24
Flux 1500           2371  22   4    1    22.5
Flux 750            2289  19   5    4    21
Cuckoo 90           2219  19   5    3    20.5
Flux 375            2213  17   7    4    19
Cuckoo 45           2170  19   5    3    20.5
Rival 1000000       2117  22   3    2    23
Flux 180            2099  15   12   1    15.5
Rival 600000        2084  23   4    1    23.5
Rival 900000        2083  21   4    3    22.5
Rival 750000        2076  20   3    5    22.5
Flux 90             2067  13   11   4    15
Rival 500000        2000  22   5    1    22.5
Rival 250000        1935  21   7    0    21
Flux 45             1930  10   18   0    10
Rival 100000        1847  19   9    0    19
Rival 75000         1789  16   10   2    17
Rival 50000         1744  15   12   1    15.5
Rival 25000         1689  14   14   0    14
Rival 15000         1657  12   15   1    12.5
Rival 20000         1610  10   16   2    11
Rival 10000         1605  9    18   1    9.5
Rival 7500          1604  9    19   0    9
Rival 12500         1581  8    19   1    8.5
Rival 5000          1568  7    18   3    8.5
Rival 3500          1466  4    24   0    4
Rival 2000          1451  3    22   3    4.5
Rival 1000          1383  3    25   0    3
Rival 750           1381  2    24   2    3
Rival 1500          1358  2    25   1    2.5
Rival 500           1354  1    24   3    2.5
Rival 250           1314  1    25   2    2
Rival 150           1227  0    27   1    0.5
Rival 100           1195  0    27   1    0.5
Rival 50            1161  0    28   0    0
