Engine              ELO   W    L    D    Score
-----------------------------------------------
Cuckoo 1500         2700  28   0    0    28
Cuckoo 375          2585  26   0    3    27.5
Cuckoo 750          2564  24   1    3    25.5
Flux 1500           2387  23   3    2    24
Cuckoo 180          2364  21   3    5    23.5
Flux 750            2332  22   4    2    23
Rival 1000000       2270  23   4    2    24
Rival 600000        2265  23   2    4    25
Rival 900000        2194  21   3    5    23.5
Cuckoo 90           2185  18   8    2    19
Rival 750000        2166  21   4    3    22.5
Cuckoo 45           2135  16   8    5    18.5
Flux 375            2121  16   7    5    18.5
Rival 500000        2117  18   8    2    19
Flux 180            2045  14   9    5    16.5
Flux 90             2042  19   7    2    20
Rival 250000        1993  14   13   1    14.5
Rival 75000         1981  10   15   3    11.5
Flux 45             1884  14   11   3    15.5
Rival 100000        1843  13   14   1    13.5
Rival 50000         1827  13   14   1    13.5
Rival 25000         1707  11   17   0    11
Rival 15000         1647  10   16   2    11
Rival 10000         1632  10   15   3    11.5
Rival 7500          1607  9    18   1    9.5
Rival 12500         1581  9    18   1    9.5
Rival 20000         1574  10   14   4    12
Rival 5000          1551  8    18   2    9
Rival 3500          1470  6    21   1    6.5
Rival 2000          1462  6    19   3    7.5
Rival 1000          1329  4    23   1    4.5
Rival 1500          1315  3    24   1    3.5
Rival 500           1303  3    23   2    4
Rival 750           1295  4    23   1    4.5
Rival 250           1231  1    26   1    1.5
Rival 150           1118  1    26   1    1.5
Rival 100           1082  0    26   2    1
Rival 50            1039  0    27   1    0.5
----------------------------------------
